1, 2
2, 2
3, 2
4, 2
5, 2
6, 2
7, 2
8, 2
9, 2
10, 2
11, 2
12, 2
13, 2
14, 2
15, 2
16, 2
17, 2
18, 2
19, 2
20, 2
21, 2
22, 2
23, 2
24, 2
25, 2
26, 2
27, 2
28, 2
29, 2
30, 2
31, 2
32, 2
33, 2
34, 2
35, 2
36, 2
37, 2
38, 2
39, 2
40, 2
41, 2
42, 2
43, 2
44, 2
45, 2
46, 2
47, 2
48, 2
49, 2
50, 2
51, 2
52, 2
53, 2
54, 2
55, 2
56, 2
57, 2
58, 2
59, 2
60, 2
61, 2
62, 2
63, 2
64, 2
65, 2
66, 2
67, 2
68, 2
69, 2
70, 2
71, 2
72, 2
73, 2
74, 2
75, 2
76, 2
77, 2
78, 2
79, 2
80, 2
81, 2
82, 2
83, 2
84, 2
85, 2
86, 2
87, 2
88, 2
89, 2
90, 2
91, 2
92, 2
93, 2
94, 2
95, 2
96, 2
97, 2
98, 2
99, 2
100, 2
101, 2
102, 2
103, 2
104, 2
105, 2
106, 2
107, 2
108, 2
109, 2
110, 2
111, 2
112, 2
113, 2
114, 2
115, 2
116, 2
117, 2
118, 2
119, 2
120, 2
121, 1
122, 1
123, 1
124, 1
125, 1
126, 1
127, 1
128, 1
129, 1
130, 1
131, 1
132, 1
133, 1
134, 1
135, 1
136, 1
137, 1
138, 1
139, 1
140, 1
141, 2
142, 2
143, 2
144, 2
145, 2
146, 2
147, 2
148, 2
149, 2
150, 2
151, 2
152, 2
153, 2
154, 2
155, 2
156, 2
157, 2
158, 2
159, 2
160, 2
161, 2
162, 2
163, 2
164, 2
165, 2
166, 2
167, 2
168, 2
169, 2
170, 2
171, 2
172, 2
173, 2
174, 2
175, 2
176, 2
177, 2
178, 2
179, 2
180, 2
181, 2
182, 2
183, 2
184, 2
185, 2
186, 2
187, 2
188, 2
189, 2
190, 2
191, 2
192, 2
193, 2
194, 2
195, 2
196, 2
197, 2
198, 2
199, 2
200, 2
201, 1
202, 1
203, 1
204, 1
205, 1
206, 1
207, 1
208, 1
209, 1
210, 1
211, 1
212, 1
213, 1
214, 1
215, 1
216, 1
217, 1
218, 1
219, 1
220, 1
221, 1
222, 1
223, 1
224, 1
225, 1
226, 1
227, 1
228, 1
229, 1
230, 1
231, 1
232, 1
233, 1
234, 1
235, 1
236, 1
237, 1
238, 1
239, 1
240, 1
241, 1
242, 1
243, 1
244, 1
245, 1
246, 1
247, 1
248, 1
249, 1
250, 1
251, 1
252, 1
253, 1
254, 1
255, 1
256, 1
257, 1
258, 1
259, 1
260, 1
261, 1
262, 1
263, 1
264, 1
265, 1
266, 1
267, 1
268, 1
269, 1
270, 1
271, 1
272, 1
273, 1
274, 1
275, 1
276, 1
277, 1
278, 1
279, 1
280, 1
281, 1
282, 1
283, 1
284, 1
285, 1
286, 1
287, 1
288, 1
289, 1
290, 1
291, 1
292, 1
293, 1
294, 1
295, 1
296, 1
297, 1
298, 1
299, 1
300, 1
301, 1
302, 1
303, 1
304, 1
305, 1
306, 1
307, 1
308, 1
309, 1
310, 1
311, 1
312, 1
313, 1
314, 1
315, 1
316, 1
317, 1
318, 1
319, 1
320, 1
321, 2
322, 2
323, 2
324, 2
325, 2
326, 2
327, 2
328, 2
329, 2
330, 2
331, 2
332, 2
333, 2
334, 2
335, 2
336, 2
337, 2
338, 2
339, 2
340, 2
341, 1
342, 1
343, 1
344, 1
345, 1
346, 1
347, 1
348, 1
349, 1
350, 1
351, 1
352, 1
353, 1
354, 1
355, 1
356, 1
357, 1
358, 1
359, 1
360, 1
361, 1
362, 1
363, 1
364, 1
365, 1
366, 1
367, 1
368, 1
369, 1
370, 1
371, 1
372, 1
373, 1
374, 1
375, 1
376, 1
377, 1
378, 1
379, 1
380, 1
381, 1
382, 1
383, 1
384, 1
385, 1
386, 1
387, 1
388, 1
389, 1
390, 1
391, 1
392, 1
393, 1
394, 1
395, 1
396, 1
397, 1
398, 1
399, 1
400, 1
401, 3
402, 3
403, 3
404, 3
405, 3
406, 3
407, 3
408, 3
409, 3
410, 3
411, 3
412, 3
413, 3
414, 3
415, 3
416, 3
417, 3
418, 3
419, 3
420, 3
421, 3
422, 3
423, 3
424, 3
425, 3
426, 3
427, 3
428, 3
429, 3
430, 3
431, 3
432, 3
433, 3
434, 3
435, 3
436, 3
437, 3
438, 3
439, 3
440, 3
441, 3
442, 3
443, 3
444, 3
445, 3
446, 3
447, 3
448, 3
449, 3
450, 3
451, 3
452, 3
453, 3
454, 3
455, 3
456, 3
457, 3
458, 3
459, 3
460, 3
461, 3
462, 3
463, 3
464, 3
465, 3
466, 3
467, 3
468, 3
469, 3
470, 3
471, 3
472, 3
473, 3
474, 3
475, 3
476, 3
477, 3
478, 3
479, 3
480, 3
481, 3
482, 3
483, 3
484, 3
485, 3
486, 3
487, 3
488, 3
489, 3
490, 3
491, 3
492, 3
493, 3
494, 3
495, 3
496, 3
497, 3
498, 3
499, 3
500, 3
501, 3
502, 3
503, 3
504, 3
505, 3
506, 3
507, 3
508, 3
509, 3
510, 3
511, 3
512, 3
513, 3
514, 3
515, 3
516, 3
517, 3
518, 3
519, 3
520, 3
521, 3
522, 3
523, 3
524, 3
525, 3
526, 3
527, 3
528, 3
529, 3
530, 3
531, 3
532, 3
533, 3
534, 3
535, 3
536, 3
537, 3
538, 3
539, 3
540, 3
521, 3
522, 3
523, 3
524, 3
525, 3
526, 3
527, 3
528, 3
529, 3
530, 3
531, 3
532, 3
533, 3
534, 3
535, 3
536, 3
537, 3
538, 3
539, 3
540, 3
541, 3
542, 3
543, 3
544, 3
545, 3
546, 3
547, 3
548, 3
549, 3
550, 3
551, 3
552, 3
553, 3
554, 3
555, 3
556, 3
557, 3
558, 3
559, 3
560, 3
561, 3
562, 3
563, 3
564, 3
565, 3
566, 3
567, 3
568, 3
569, 3
570, 3
571, 3
572, 3
573, 3
574, 3
575, 3
576, 3
577, 3
578, 3
579, 3
580, 3
581, 3
582, 3
583, 3
584, 3
585, 3
586, 3
587, 3
588, 3
589, 3
590, 3
591, 3
592, 3
593, 3
594, 3
595, 3
596, 3
597, 3
598, 3
599, 3
600, 3
601, 4
602, 4
603, 4
604, 4
605, 4
606, 4
607, 4
608, 4
609, 4
610, 4
611, 4
612, 4
613, 4
614, 4
615, 4
616, 4
617, 4
618, 4
619, 4
620, 4
621, 4
622, 4
623, 4
624, 4
625, 4
626, 4
627, 4
628, 4
629, 4
630, 4
631, 4
632, 4
633, 4
634, 4
635, 4
636, 4
637, 4
638, 4
639, 4
640, 4
641, 4
642, 4
643, 4
644, 4
645, 4
646, 4
647, 4
648, 4
649, 4
650, 4
651, 4
652, 4
653, 4
654, 4
655, 4
656, 4
657, 4
658, 4
659, 4
660, 4
661, 4
662, 4
663, 4
664, 4
665, 4
666, 4
667, 4
668, 4
669, 4
670, 4
671, 4
672, 4
673, 4
674, 4
675, 4
676, 4
677, 4
678, 4
679, 4
680, 4
681, 4
682, 4
683, 4
684, 4
685, 4
686, 4
687, 4
688, 4
689, 4
690, 4
691, 4
692, 4
693, 4
694, 4
695, 4
696, 4
697, 4
698, 4
699, 4
700, 4
701, 4
702, 4
703, 4
704, 4
705, 4
706, 4
707, 4
708, 4
709, 4
710, 4
711, 4
712, 4
713, 4
714, 4
715, 4
716, 4
717, 4
718, 4
719, 4
720, 4
721, 4
722, 4
723, 4
724, 4
725, 4
726, 4
727, 4
728, 4
729, 4
730, 4
731, 4
732, 4
733, 4
734, 4
735, 4
736, 4
737, 4
738, 4
739, 4
740, 4
741, 4
742, 4
743, 4
744, 4
745, 4
746, 4
747, 4
748, 4
749, 4
750, 4
751, 4
752, 4
753, 4
754, 4
755, 4
756, 4
757, 4
758, 4
759, 4
760, 4
761, 4
762, 4
763, 4
764, 4
765, 4
766, 4
767, 4
768, 4
769, 4
770, 4
771, 4
772, 4
773, 4
774, 4
775, 4
776, 4
777, 4
778, 4
779, 4
780, 4
781, 4
782, 4
783, 4
784, 4
785, 4
786, 4
787, 4
788, 4
789, 4
790, 4
791, 4
792, 4
793, 4
794, 4
795, 4
796, 4
797, 4
798, 4
799, 4
800, 4
801, 5
802, 5
803, 5
804, 5
805, 5
806, 5
807, 5
808, 5
809, 5
810, 5
811, 5
812, 5
813, 5
814, 5
815, 5
816, 5
817, 5
818, 5
819, 5
820, 5
821, 5
822, 5
823, 5
824, 5
825, 5
826, 5
827, 5
828, 5
829, 5
830, 5
831, 5
832, 5
833, 5
834, 5
835, 5
836, 5
837, 5
838, 5
839, 5
840, 5
841, 5
842, 5
843, 5
844, 5
845, 5
846, 5
847, 5
848, 5
849, 5
850, 5
851, 5
852, 5
853, 5
854, 5
855, 5
856, 5
857, 5
858, 5
859, 5
860, 5
861, 5
862, 5
863, 5
864, 5
865, 5
866, 5
867, 5
868, 5
869, 5
870, 5
871, 5
872, 5
873, 5
874, 5
875, 5
876, 5
877, 5
878, 5
879, 5
880, 5
881, 5
882, 5
883, 5
884, 5
885, 5
886, 5
887, 5
888, 5
889, 5
890, 5
891, 5
892, 5
893, 5
894, 5
895, 5
896, 5
897, 5
898, 5
899, 5
900, 5
901, 5
902, 5
903, 5
904, 5
905, 5
906, 5
907, 5
908, 5
909, 5
910, 5
911, 5
912, 5
913, 5
914, 5
915, 5
916, 5
917, 5
918, 5
919, 5
920, 5
921, 5
922, 5
923, 5
924, 5
925, 5
926, 5
927, 5
928, 5
929, 5
930, 5
931, 5
932, 5
933, 5
934, 5
935, 5
936, 5
937, 5
938, 5
939, 5
940, 5
941, 5
942, 5
943, 5
944, 5
945, 5
946, 5
947, 5
948, 5
949, 5
950, 5
951, 5
952, 5
953, 5
954, 5
955, 5
956, 5
957, 5
958, 5
959, 5
960, 5
961, 5
962, 5
963, 5
964, 5
965, 5
966, 5
967, 5
968, 5
969, 5
970, 5
971, 5
972, 5
973, 5
974, 5
975, 5
976, 5
977, 5
978, 5
979, 5
980, 5
981, 5
982, 5
983, 5
984, 5
985, 5
986, 5
987, 5
988, 5
989, 5
990, 5
991, 5
992, 5
993, 5
994, 5
995, 5
996, 5
997, 5
998, 5
999, 5
1000, 5
1001, 0
1002, 0
1003, 0
1004, 0
1005, 0
1006, 0
1007, 0
1008, 0
1009, 0
1010, 0
1011, 0
1012, 0
1013, 0
1014, 0
1015, 0
1016, 0
1017, 0
1018, 0
1019, 0
1020, 0
1021, 0
1022, 0
1023, 0
1024, 0
1025, 0
1026, 0
1027, 0
1028, 0
1029, 0
1030, 0
1031, 0
1032, 0
1033, 0
1034, 0
1035, 0
1036, 0
1037, 0
1038, 0
1039, 0
1040, 0
1041, 0
1042, 0
1043, 0
1044, 0
1045, 0
1046, 0
1047, 0
1048, 0
1049, 0
1050, 0
1051, 0
1052, 0
1053, 0
1054, 0
1055, 0
1056, 0
1057, 0
1058, 0
1059, 0
1060, 0
1081, 0
1082, 0
1083, 0
1084, 0
1085, 0
1086, 0
1087, 0
1088, 0
1089, 0
1090, 0
1091, 0
1092, 0
1093, 0
1094, 0
1095, 0
1096, 0
1097, 0
1098, 0
1099, 0
1100, 0
1101, 0
1102, 0
1103, 0
1104, 0
1105, 0
1106, 0
1107, 0
1108, 0
1109, 0
1110, 0
1111, 0
1112, 0
1113, 0
1114, 0
1115, 0
1116, 0
1117, 0
1118, 0
1119, 0
1120, 0
1121, 0
1122, 0
1123, 0
1124, 0
1125, 0
1126, 0
1127, 0
1128, 0
1129, 0
1130, 0
1131, 0
1132, 0
1133, 0
1134, 0
1135, 0
1136, 0
1137, 0
1138, 0
1139, 0
1140, 0
1141, 0
1142, 0
1143, 0
1144, 0
1145, 0
1146, 0
1147, 0
1148, 0
1149, 0
1150, 0
1151, 0
1152, 0
1153, 0
1154, 0
1155, 0
1156, 0
1157, 0
1158, 0
1159, 0
1160, 0
1161, 0
1162, 0
1163, 0
1164, 0
1165, 0
1166, 0
1167, 0
1168, 0
1169, 0
1170, 0
1171, 0
1172, 0
1173, 0
1174, 0
1175, 0
1176, 0
1177, 0
1178, 0
1179, 0
1180, 0
1161, 0
1162, 0
1163, 0
1164, 0
1165, 0
1166, 0
1167, 0
1168, 0
1169, 0
1170, 0
1171, 0
1172, 0
1173, 0
1174, 0
1175, 0
1176, 0
1177, 0
1178, 0
1179, 0
1180, 0
1181, 0
1182, 0
1183, 0
1184, 0
1185, 0
1186, 0
1187, 0
1188, 0
1189, 0
1190, 0
1191, 0
1192, 0
1193, 0
1194, 0
1195, 0
1196, 0
1197, 0
1198, 0
1199, 0
1200, 0
